20190722
20191118
20190206
20190831
20191117
20190914
20190123
20190621
20191018
20190102
20190915
20190528
20190912
20190923
20190726
20190623
20190119
20191222
20190416
20191204
20190902
20190102
20190501
20190619
20190308
20190522
20191217
20191018
20190413
20191121
20190714
20190613
20191215
20190311
20190926
20190109
20190714
20190904
20190913
20190330
20190405
20190318
20190323
20190702
20190130
20191207
20190131
20191216
20190617
20190118
20190426
20191226
20190530
20190925
20191107
20190713
20190105
20190318
20191119
20190501
20190504
20190826
20190519
20190129
20191126
20190510
20190408
20190809
20190322
20190902
20190102
20191220
20190319
20191216
20190901
20191023
20190114
20190906
20190612
20190603
20190317
20191129
20190513
20190701
20190309
20190928
20190808
20191219
20190510
20190903
20190722
20191003
20191123
20190116
20190318
20190824
20190810
20190429
20190415
20191008
20190608
20190920
20191027
20190620
20190630
20190316
20190915
20190605
20190107
20190130
20190927
20190928
20191004
20190130
20190208
20191104
20190307
20190716
20190311
20190712
20190411
20190212
20190930
20190116
20190204
20190608
20190727
20190629
20191218
20190811
20190619
20190917
20190806
20190831
20190925
20191001
20191014
20190321
20191009
20190718
20190215
20191031
20190729
20190619
20190916
20190503
20190129
20190105
20190225
20191203
20191025
20190902
20190106
20190624
20190125
20190206
20191125
20190515
20190521
20191027
20191017
20190616
20190602
20191225
20190318
20190121
20190514
20191217
20190727
20190112
20190121
20190702
20190306
20190625
20190210
20190928
20190805
20190116
20190218
20190904
20190929
20190505
20190422
20190607
20190109
20190905
20191221
20191102
20191001
20190214
20190104
20190211
20190705
20190327
20190208
20190110
20190928
20190513
20190308
20190610
20190612
20190118
20190513
20191021
20191221
20191222
20190506
20190827
20190418
20190318
20190526
20191107
20191102
20190919
20190103
20190521
20190116
20190207
20190628
20190425
20190626
20191005
20190709
20190906
20191205
20190820
20190926
20190228
20190712
20190617
20190325
20190202
20190220
20190812
20190211
20190625
20191031
20190521
20190224
20190717
20190122
20191027
20191008
20190502
20191218
20191220
20190628
20190704
20190530
20190126
20190509
20190927
20190221
20190310
20190518
20190518
20190120
20190430
20190625
20190422
20190319
20190922
20191116
20191105
20190311
20191006
20191205
20190625
20190729
20190711
20190314
20190809
20190502
20191127
20190515
20191026
20190407
20191117
20190108
20191104
20190109
20190112
20191027
20190312
20190125
20190803
20191104
20190307
20190610
20190206
20191024
20191013
20190723
20190411
20191012
20191029
20190531
20190304
20191101
20190327
20190419
20191127
20190514
20190830
20191231
20190320
20191112
20191102
20190614
20190408
20191114
20190816
20190313
20190226
20191011
20190526
20190221
20190824
20190405
20190301
20190801
20191004
20190724
20191017
20190401
20190808
20191012
20191023
20190820
20190712
20191119
20190228
20190306
20190903
20190515
20190420
20190621
20190314
20190226
20191223
20191028
20190321
20190125
20190522
20190419
20190605
20191020
20190903
20190611
20191122
20190916
20190519
20191120
20190708
20191231
20190601
20191108
20191019
20191116
20190825
20190608
20191225
20190928
20190702
20190806
20190531
20190814
20190505
20191003
20190629
20190514
20190908
20191230
20190809
20190905
20190215
20190626
20190603
20190320
20190907
20190606
20190520
20190910
20190905
20190919
20191112
20190516
20190217
20190610
20191210
20190627
20190924
20190216
20190724
20190814
20190330
20190223
20190726
20190317
20190903
20191007
20191129
20190524
20191029
20190430
20190302
20190420
20191019
20190306
20190323
20190503
20190214
20190122
20190325
20190612
20190315
20190110
20190629
20190915
20190225
20190218
20190706
20190223
20190901
20190404
20190527
20190612
20191003
20190407
20191029
20190901
20190104
20190313
20190503
20190503
20190621
20191122
20190630
20190814
20190208
20190710
20190523
20191021
20191231
20191127
20191126
20190117
20190818
20190702
20190203
20191127
20190601
20190422
20191007
20191018
20190810
20191106
20191102
20191002
20191023
20190818
20190721
20190831
20191113
20191210
20191031
20190913
20191206
20190923
20190926
20190406
20190810
20190615
20190916
20191007
20190106
20190220
20191112
20190821
20190528
20190112
20190531
20190715
20190120
20190129
20190403
20201224
20200714
20200228
20200927
20200101
20200907
20200308
20200619
20200318
20200820
20201012
20200317
20200116
20200303
20201013
20200609
20200525
20200323
20201227
20200623
20200610
20200317
20201013
20200523
20200917
20200613
20200110
20200805
20201219
20201217
20201205
20201216
20201025
20200404
20200801
20200226
20201017
20200414
20200814
20200710
20200202
20200418
20200701
20200516
20200411
20200831
20201006
20201106
20201010
20200413
20200707
20201122
20200406
20200212
20201220
20200803
20200821
20201104
20200301
20201009
20200807
20200330
20201222
20201215
20200415
20200312
20200925
20200820
20200330
20201203
20201003
20200413
20200809
20200619
20200725
20201121
20200808
20200204
20200312
20200108
20200715
20200413
20200501
20201024
20200605
20201128
20200704
20201120
20201125
20201119
20200416
20200620
20200710
20201102
20200126
20200812
20200720
20200629
20201108
20200204
20200219
20200212
20201229
20200514
20201110
20200720
20200306
20200304
20200911
20200921
20201116
20200317
20200218
20200115
20200510
20200604
20201115
20201220
20200227
20200724
20200307
20200224
20200402
20200912
20201210
20200728
20201108
20201120
20200624
20201109
20200205
20201217
20200111
20201214
20200125
20200630
20200521
20200813
20200726
20200405
20200819
20200508
20201014
20200225
20200315
20200829
20200615
20200826
20200620
20200719
20200522
20200925
20200803
20200202
20200305
20200127
20201010
20200514
20200525
20201116
20200624
20201027
20200518
20200106
20200217
20200130
20200915
20200630
20200821
20201103
20200225
20201104
20200713
20201012
20201230
20200710
20200904
20200901
20200819
20200622
20200419
20200628
20201014
20201128
20200702
20200615
20200119
20201022
20200807
20200809
20200613
20200103
20201209
20200520
20201027
20200905
20200724
20200821
20200618
20200207
20200622
20201015
20200217
20200222
20200626
20200513
20200721
20200417
20200629
20200106
20201229
20201020
20200126
20200305
20200409
20200419
20201023
20200224
20200804
20201019
20200608
20200830
20200407
20200314
20200222
20200315
20200620
20201127
20200625
20200715
20201102
20200326
20200605
20200629
20201006
20200707
20200917
20200201
20200508
20200802
20200422
20200224
20200215
20200304
20200707
20200922
20201110
20200124
20201013
20200122
20201110
20201226
20200626
20200521
20200924
20201123
20201206
20200508
20200530
20200304
20200422
20200411
20201009
20200915
20200827
20201109
20201229
20200613
20200111
20200902
20200802
20200929
20201004
20200619
20200104
20200225
20201010
20200922
20200821
20200205
20200724
20201023
20200824
20200227
20200204
20201103
20201101
20200814
20200912
20201222
20200414
20200102
20201116
20200904
20200522
20200803
20200113
20200121
20200223
20200112
20200127
20200226
20200916
20200624
20200503
20200122
20200614
20201007
20200511
20200909
20200426
20200123
20201017
20200418
20200123
20200727
20200527
20200814
20200711
20201031
20200222
20200925
20200129
20201022
20200704
20200328
20200807
20201206
20201103
20200129
20200717
20200716
20200512
20200615
20200205
20200317
20200527
20200919
20200822
20200531
20200122
20201005
20200421
20201205
20201125
20200210
20200516
20200803
20200106
20200320
20200306
20200919
20200505
20200511
20200722
20200225
20200526
20201021
20200314
20200831
20201219
20200302
20200326
20200404
20201028
20201102
20200920
20200726
20201007
20200815
20200904
20200221
20200903
20201003
20200309
20200408
20200325
20200421
20201216
20200417
20201120
20200205
20200831
20200127
20200107
20200311
20200925
20201129
20200205
20200930
20200615
20201029
20200508
20200702
20200802
20201124
20201225
20200208
20200827
20200223
20201029
20200714
20200223
20200830
20201017
20200331
20200313
20200219
20200329
20200312
20201105
20200119
20200110
20200119
20200501
20201221
20201128
20200405
20201007
20200517
20200729
20200324
20200815
20200121
20200519
20200605
20200723
20201215
20200111
20200723
20200912
20200709
20200531
20201227
20201211
20200507
20200518
20200205
20200302
20200217
20200920
20200708
20200930
20200519
20201017
20200417
20200514
20201004
20200514
20201214
20200524
20200312
20200817
20200621
20200226
20200124
20200310
20200311
20200102
20200320
20200406
20200609
20200319
20200608
20200722
20200601
20201108
20200204
20201024
20200118
20201207
20200317
20200924
20200604
20200705
20201127
20200501
20200229
20200525
20200317
20200408
20200325
20200707
20200410
20200606
20200526
20200929
20200710
20201101
20201124
20200830
20201122
20200806
20200120
20201112
20200827
20200601
20201118
20200424
20200526
20200917
20200506
20200714
20201224
20200515
20200214
20200921
20200110
20200728
20200426
20200328
20200513
20201211
20201119
20200124
20201127
20200422
20201207
20200616
20200212
20201016
20200104
20200308
20200108
20200729
20201017
20200813
20200409
20200919
20200813
20200421
20201223
20200516
20200524
20200115
20200930
20201222
20200526
20200818
20200414
20201013
20201202
20200923
20200403
20201021
20200803
20201112
20201222
20200403
20200430
20200221
20200711
20200821
20200714
20200825
20201029
20200222
20200815
20200214
20200422
20200210
20200513
20201005
20200628
20200515
20200808
20200220
20200719
20200401
20200430
20200821
20200228
20200725
20200215
20200511
20200715
20200921
20200625
20200113
20200809
20200222
20201007
20200115
20201109
20200206
20201113
20200325
20200817
20200519
20200321
20200303
20200507
20200622
20200808
20200327
20201121
20200127
20201019
20200402
20200329
20200416
20200606
20201011
20200820
20201227
20200220
20200120
20200714
20200714
20200515
20200806
20200126
20200301
20200609
20201225
20201220
20200127
20201030
20201018
20200302
20200619
20201112
20200109
20200222
20200718
20200208
20200314
20200319
20200505
20200830
20200206
20200904
20200530
20201023
20201104
20201108
20200203
20200505
20200406
20200218
20200611
20201231
20201103
20200613
20201102
20200913
20201009
20200329
20200623
20200313
