43704548  Vizcardo/Maribel                                            
     MEDICO    FECHA
01)  892133  20220909
02)  147871  20220801
03)  300822  20230127
36471787  Pena/Glenda                                                 
     MEDICO    FECHA
01)  600493  20230116
02)  707896  20220814
03)  909077  20230403
04)  197775  20230202
71422479  Lozada/Felicita                                             
     MEDICO    FECHA
01)  703676  20220817
02)  802270  20221001
03)  800631  20220819
04)  146552  20220923
05)  300822  20220822
51465986  Sam/Ines                                                    
     MEDICO    FECHA
01)  702339  20220805
02)  802270  20220817
03)  800631  20230330
04)  300822  20221022
05)  354519  20220827
06)  197775  20220909
07)  305578  20221215
20371464  Lozada/Heli                                                 
     MEDICO    FECHA
01)  147871  20220828
02)  197775  20220812
03)  341150  20220913
04)  197775  20230407
05)  907988  20220830
06)  807862  20220804
07)  150928  20221001
08)  354519  20221129
09)  892133  20230330
36934113  Serrano/Arturo                                              
     MEDICO    FECHA
01)  497687  20220817
02)  535567  20220901
03)  909077  20221127
04)  601846  20221204
05)  182620  20220829
06)  520631  20221030
15290194  Hernandez/Guillermo                                         
     MEDICO    FECHA
01)  892133  20230209
02)  707896  20230404
03)  702694  20220906
04)  702694  20220829
05)  182620  20220814
06)  802270  20220809
07)  807862  20230418
08)  702694  20220818
85395219  Fuentes/Patricia                                            
     MEDICO    FECHA
01)  520631  20230126
02)  915098  20220817
03)  609349  20221229
04)  305578  20230126
05)  800404  20230206
93961840  Pairazaman/Tatiana                                          
     MEDICO    FECHA
01)  201895  20221002
02)  354519  20220813
03)  300822  20220901
04)  601846  20230206
05)  707896  20220801
06)  300822  20220829
07)  146552  20221001
08)  146552  20221113
09)  709926  20220914
61061535  Solis/Maria                                                 
     MEDICO    FECHA
01)  497687  20220802
02)  404143  20220829
03)  150928  20230328
04)  336876  20220820
05)  909295  20220818
06)  600493  20221215
62126128  Durand/Enrique                                              
     MEDICO    FECHA
01)  909077  20230228
02)  702694  20220801
03)  800404  20221017
04)  909077  20220817
05)  909295  20220801
06)  305578  20220817
07)  182620  20220827
08)  187089  20230206
54815159  Patino/Delicia                                              
     MEDICO    FECHA
01)  702694  20220803
02)  907988  20221027
03)  201895  20230212
04)  709926  20230223
05)  182620  20220917
06)  800404  20220829
07)  802270  20230318
08)  909077  20221122
91187814  Narvaez/Jesus                                               
     MEDICO    FECHA
01)  341150  20220827
02)  807862  20220816
03)  802270  20221015
51642949  Miranda/Alfonso                                             
     MEDICO    FECHA
01)  600493  20230209
02)  707896  20230216
03)  201895  20221127
04)  707896  20220803
05)  801383  20230212
06)  305578  20230330
07)  187089  20221218
45201670  Guevara/Milena                                              
     MEDICO    FECHA
01)  535567  20230318
02)  907988  20220821
03)  201895  20220814
31284904  Sakaguchi/Carlos                                            
     MEDICO    FECHA
01)  497687  20220826
02)  800404  20221117
03)  905627  20220827
04)  909077  20230307
93282118  Zambrano/Ofelia                                             
     MEDICO    FECHA
01)  497687  20220806
02)  601846  20220830
03)  354519  20220919
04)  147871  20221026
05)  807862  20220829
06)  341150  20230318
34697743  Ayala/Ericka                                                
     MEDICO    FECHA
01)  909295  20220805
02)  506117  20220901
03)  709926  20220804
68114999  Rios/Ines                                                   
     MEDICO    FECHA
01)  702339  20220814
02)  909295  20220826
03)  907988  20220901
04)  201895  20221025
05)  254488  20220819
95656771  Raffo/Rolando                                               
     MEDICO    FECHA
01)  187089  20230206
02)  909295  20230124
03)  197775  20220803
54149342  Leyva/Diana                                                 
     MEDICO    FECHA
01)  905627  20220830
02)  507183  20220826
03)  300822  20230318
04)  907988  20220804
05)  341150  20230312
06)  702339  20220820
07)  709926  20230310
99891737  Contreras/Johana                                            
     MEDICO    FECHA
01)  182620  20220815
02)  187089  20220909
03)  706122  20221206
04)  909295  20230307
05)  150928  20230404
06)  404143  20230411
93939698  Henriquez/Silvana                                           
     MEDICO    FECHA
01)  197775  20220829
02)  150928  20230404
03)  609349  20220801
04)  707896  20221129
05)  702694  20220915
32538825  Hijar/Martin                                                
     MEDICO    FECHA
01)  909077  20220820
02)  800404  20230310
03)  341150  20220901
04)  600493  20221118
05)  915098  20220829
63640178  Rodriguez/Blanca                                            
     MEDICO    FECHA
01)  802270  20221004
02)  506117  20230114
03)  702694  20220809
35852072  Jauregui/Victor                                             
     MEDICO    FECHA
01)  600493  20221214
02)  187089  20230116
03)  305578  20221206
04)  609349  20230411
05)  706122  20220819
06)  702694  20230318
72330000  Vega/Carmela                                                
     MEDICO    FECHA
01)  702694  20220826
02)  905627  20230209
03)  520631  20220809
04)  707896  20220901
05)  507183  20230330
06)  187089  20221026
80694546  Ramirez/Karina                                              
     MEDICO    FECHA
01)  702339  20220829
02)  800404  20230411
03)  201895  20220830
04)  909295  20220802
81647285  Vega/Henrry                                                 
     MEDICO    FECHA
01)  706122  20230315
02)  609349  20230418
03)  909077  20220801
04)  702339  20230116
72973662  Vargas/Daniel                                               
     MEDICO    FECHA
01)  800631  20220819
02)  254488  20230209
03)  907988  20221229
93231760  Zarate/Alexander                                            
     MEDICO    FECHA
01)  146552  20221027
02)  609349  20230327
03)  147871  20220816
04)  535567  20230330
77324146  Moscoso/Janet                                               
     MEDICO    FECHA
01)  254488  20221025
02)  305578  20221229
03)  201895  20221122
04)  801383  20230328
05)  915098  20221201
51873364  Calixto/Erick                                               
     MEDICO    FECHA
01)  702694  20221022
02)  150928  20221229
03)  201895  20220803
45914393  Lozada/Antonio                                              
     MEDICO    FECHA
01)  197775  20220821
02)  892133  20220819
03)  341150  20230124
04)  497687  20221220
35347567  Sedano/Elia                                                 
     MEDICO    FECHA
01)  609349  20230407
02)  909077  20220823
34571095  Infantes/Luis                                               
     MEDICO    FECHA
01)  801383  20230402
49357767  Solis/Rolando                                               
     MEDICO    FECHA
01)  600493  20230312
02)  800631  20220804
03)  146552  20221002
13731806  Salamanca/Virginia                                          
     MEDICO    FECHA
01)  801383  20221108
02)  702694  20230111
03)  644057  20221116
04)  187089  20220824
05)  520631  20220808
06)  800631  20220824
07)  187089  20220808
22679759  Bravo/Janet                                                 
     MEDICO    FECHA
01)  187089  20230307
02)  187089  20230121
94683380  Farfan/Margot                                               
     MEDICO    FECHA
01)  801383  20220817
02)  520631  20220906
03)  709926  20230201
04)  336876  20220909
92275859  Egusquiza/Doris                                             
     MEDICO    FECHA
01)  703676  20220802
35606314  Mercado/Elia                                                
     MEDICO    FECHA
01)  644057  20230404
02)  354519  20230403
03)  892133  20230127
04)  709926  20230111
65912822  Camacho/Ydali                                               
     MEDICO    FECHA
01)  354519  20220806
02)  601846  20230116
03)  802270  20230318
59561864  Rosemberg/Julio                                             
     MEDICO    FECHA
01)  807862  20221217
02)  300822  20220803
59596317  Justino/Virginia                                            
     MEDICO    FECHA
01)  892133  20221216
02)  254488  20230427
03)  915098  20220901
04)  254488  20221214
52313890  Rivero/Wilver                                               
     MEDICO    FECHA
01)  609349  20220817
02)  150928  20221127
03)  702694  20220816
37282858  Soma/Lourdes                                                
     MEDICO    FECHA
01)  300822  20220829
02)  800631  20220913
03)  341150  20230209
04)  909295  20230111
27709566  Ortiz/Raul                                                  
     MEDICO    FECHA
01)  801383  20220823
02)  709926  20230328
03)  506117  20221201
04)  800404  20230318
41964357  Arca/Magali                                                 
     MEDICO    FECHA
01)  706122  20220816
02)  404143  20230315
03)  707896  20220917
14956687  Luna/Waldemar                                               
     MEDICO    FECHA
01)  535567  20230418
02)  703676  20220821
77440060  Escalante/Emigdio                                           
     MEDICO    FECHA
01)  201895  20221022
02)  807862  20230426
03)  707896  20220820
04)  800404  20220826
62287143  Wong/Beatriz                                                
     MEDICO    FECHA
01)  909295  20230212
02)  709926  20221020
03)  706122  20221127
04)  600493  20230312
05)  146552  20220818
06)  300822  20220804
07)  644057  20220916
28992638  Trigueros/Luz                                               
     MEDICO    FECHA
01)  197775  20220817
53420926  Prado/Juan                                                  
     MEDICO    FECHA
01)  341150  20220806
02)  801383  20220801
03)  254488  20221222
86988155  Cerna/Cinthia                                               
     MEDICO    FECHA
01)  254488  20220914
02)  506117  20221229
03)  915098  20220901
04)  300822  20220813
05)  146552  20221122
90367684  Sinche/Yvonne                                               
     MEDICO    FECHA
01)  907988  20220804
02)  915098  20221127
03)  535567  20220917
04)  520631  20230315
05)  520631  20221026
06)  341150  20230327
22598563  Sueldo/Adria                                                
     MEDICO    FECHA
01)  341150  20221108
02)  150928  20220829
03)  506117  20220810
04)  706122  20220829
05)  305578  20230228
30246960  Escalante/Ines                                              
     MEDICO    FECHA
01)  201895  20220829
02)  150928  20221129
03)  702339  20220917
04)  147871  20220901
58643376  Arroyo/Natalia                                              
     MEDICO    FECHA
01)  709926  20220826
02)  702339  20230303
03)  520631  20220827
81539774  Alfaro/Erick                                                
     MEDICO    FECHA
01)  507183  20221004
17299012  Suarez/Amaru                                                
     MEDICO    FECHA
01)  709926  20221027
12484697  Diaz/Enrique                                                
     MEDICO    FECHA
01)  254488  20220916
02)  702339  20230114
03)  801383  20220810
04)  905627  20220913
05)  535567  20220812
57182371  Moscoso/Fiorella                                            
     MEDICO    FECHA
01)  909295  20221026
02)  644057  20230418
03)  506117  20221121
66039166  Chavez/Johan                                                
     MEDICO    FECHA
01)  706122  20220825
68269451  Asmad/Adria                                                 
     MEDICO    FECHA
01)  800631  20220801
02)  800404  20220816
03)  909077  20220825
04)  520631  20220818
75100362  Arca/Lucero                                                 
     MEDICO    FECHA
01)  600493  20220830
66091742  Baca/Milagros                                               
     MEDICO    FECHA
01)  146552  20220923
02)  907988  20220803
